>Region 745897 748808 2911
>Region 1213391 1215577 2186
>Region 1337442 1343954 6512
>Region 1407394 1445637 38243
>Region 1561610 1664026 102416
>Region 1761599 1767008 5409
>Region 1982884 2048200 65316
>Region 2322525 2766027 443502
>Region 2838507 3708124 869617
>Region 4025223 4026859 1636
>Region 4059015 5585482 1526467
>Region 7481917 7483212 1295
>Region 7492433 7494362 1929
>Region 9517973 9520449 2476
>Region 10982597 10985098 2501
>Region 12665874 12669349 3475
>Region 12775066 13387956 612890
>Region 14309433 14311697 2264
>Region 15655186 15686870 31684
>Region 16221863 16259077 37214
>Region 16675899 17153413 477514
>Region 18377706 18379592 1886
>Region 19473981 19484448 10467
>Region 20279531 20283397 3866
>Region 21626133 21679803 53670
>Region 22173990 22207100 33110
>Region 24882229 24886395 4166
>Region 24996869 25240947 244078
>Region 25480917 25603061 122144
>Region 25866197 25870151 3954
>Region 25893119 26110106 216987
>Region 26204924 26395241 190317
>Region 26400983 26405560 4577
>Region 26415783 26649244 233461
>Region 26796732 26893905 97173
>Region 29653214 30907670 1254456
>Region 33248854 33251548 2694
>Region 35405271 35406478 1207
>Region 35435385 35536560 101175
>Region 35572837 36314003 741166
>Region 37196537 37198562 2025
>Region 39711664 40031343 319679
>Region 43466437 43468345 1908
>Region 46230364 46290455 60091
>Region 47091470 47387149 295679
>Region 48494493 48496455 1962
>Region 53337252 53337890 638
>Region 55143835 55144894 1059
>Region 57221727 57225059 3332
>Region 58516284 58517596 1312
>Region 61855254 61856462 1208
>Region 63909133 63911022 1889
>Region 65813348 65816703 3355
>Region 67780322 67781684 1362
>Region 68136494 68195905 59411
>Region 68196631 68241626 44995
>Region 72538697 72584619 45922
>Region 81177152 81183786 6634
>Region 81432707 81434160 1453
>Region 81495903 81751136 255233
>Region 84290302 84297465 7163
>Region 84484378 84488682 4304
>Region 86902426 86904276 1850
>Region 89287952 89667559 379607
>Region 89988369 90282796 294427
>Region 101105708 101370383 264675
>Region 101576395 101995185 418790
>Region 102476250 102650947 174697
>Region 102682861 103067170 384309
>Region 103938423 104104993 166570
>Region 104256999 104259497 2498
>Region 104381855 104384023 2168
>Region 104670638 104673347 2709
>Region 105817139 105825114 7975
>Region 108534672 108538931 4259
>Region 112102054 112104269 2215
>Region 113330674 113334435 3761
>Region 119743358 119961668 218310
>Region 120168041 120299211 131170
>Region 120302161 120623911 321750
>Region 121053127 121187025 133898
>Region 141477021 142386109 909088
>Region 142901611 143236485 334874
>Region 143328811 147496738 4167927
>Region 147528877 148012207 483330
>Region 150509401 150531134 21733
>Region 150543371 150548338 4967
>Region 150550642 150723118 172476
>Region 150821984 150854575 32591
>Region 151026711 151037514 10803
>Region 151551872 151587648 35776
>Region 152347337 152351547 4210
>Region 153885230 154000018 114788
>Region 154793120 154795804 2684
>Region 155421028 155436368 15340
>Region 155518364 155527148 8784
>Region 155539831 155729749 189918
>Region 157133956 157136731 2775
>Region 157227782 157232991 5209
>Region 157278939 157283489 4550
>Region 158957553 158960238 2685
>Region 159754828 159890900 136072
>Region 164730995 164737988 6993
>Region 164817971 164819397 1426
>Region 166290963 166292599 1636
>Region 166693532 166695590 2058
>Region 166776400 166817690 41290
>Region 169836341 169842638 6297
>Region 172469522 172874087 404565
>Region 173338681 173344383 5702
>Region 173352860 173354313 1453
>Region 173466999 173468530 1531
>Region 173717546 173719317 1771
>Region 177075090 177227513 152423
>Region 180405833 181592099 1186266
>Region 183081128 183087628 6500
>Region 184050105 184052118 2013
>Region 185731252 185733339 2087
>Region 185860073 185863740 3667
>Region 186805914 186807024 1110
>Region 188319113 188320650 1537
>Region 193068994 193074787 5793
>Region 194991507 195086537 95030
>Region 195766945 195770101 3156
>Region 197376413 197380661 4248
>Region 197705122 197707108 1986
>Region 198521897 198525227 3330
>Region 199445368 199446962 1594
>Region 202154193 202156686 2493
>Region 202160840 202162613 1773
>Region 204241451 205094425 852974
>Region 205608370 205612473 4103
>Region 205827681 205990828 163147
>Region 207056168 207205420 149252
>Region 208144461 208152824 8363
>Region 209638509 209640703 2194
>Region 210537517 210539485 1968
>Region 210766498 210770065 3567
>Region 216248913 216255434 6521
>Region 220732391 222235920 1503529
>Region 222267544 222270460 2916
>Region 222607893 222609593 1700
>Region 225209738 225210870 1132
>Region 227879005 227887670 8665
>Region 228199084 228200697 1613
>Region 229634920 229641693 6773
>Region 230525001 230527069 2068
>Region 233321552 233322918 1366
>Region 234615494 234618053 2559
>Region 234985767 235511946 526179
>Region 236898593 236899730 1137
>Region 236918713 236920079 1366
>Region 238459422 238461581 2159
>Region 241194197 241195972 1775
>Region 243425511 243426821 1310
>Region 244317313 244344418 27105
>Region 244354215 244421146 66931
>Region 244835969 244864707 28738
>Region 245252662 245254005 1343
>Region 245916851 245923357 6506
>Region 246117909 246124543 6634
>Region 246320424 246557343 236919
>Region 246661463 246890416 228953
