derp
>Ref chr1
>Region 745870 748709 2839
>Region 955379 956250 871
>Region 1024115 1025046 931
>Region 1076501 1076963 462
>Region 1173156 1173682 526
>Region 1222277 1222980 703
>Region 1307562 1308013 451
>Region 1380011 1459178 79167
>Region 1561636 1662011 100375
>Region 1856120 1856984 864
>Region 1902670 1903278 608
>Region 2027858 2028012 154
>Region 2042800 2045824 3024
>Region 2322539 2765761 443222
>Region 3205498 3206399 901
>Region 3263788 3266336 2548
>Region 4025022 4026697 1675
>Region 4037094 4037614 520
>Region 4037984 4038037 53
>Region 4054798 4055436 638
>Region 4096025 4096738 713
>Region 4292226 4293105 879
>Region 4592568 4593254 686
>Region 5799483 5799915 432
>Region 5987546 5989382 1836
>Region 7481366 7481870 504
>Region 7481932 7483000 1068
>Region 7492548 7494199 1651
>Region 8688425 8698022 9597
>Region 9362503 9363064 561
>Region 10291894 10301346 9452
>Region 10404857 10406457 1600
>Region 11605293 11605889 596
>Region 12665889 12669257 3368
>Region 12804140 13387856 583716
>Region 14309281 14311646 2365
>Region 15654441 15686796 32355
>Region 16232914 16262008 29094
>Region 16691176 17150744 459568
>Region 17557151 17557726 575
>Region 20369600 20370373 773
>Region 22173416 22207842 34426
>Region 22518993 22519435 442
>Region 24035670 24036751 1081
>Region 24275377 24275989 612
>Region 24410884 24411397 513
>Region 24801254 24801677 423
>Region 25031078 25034236 3158
>Region 25465132 25612020 146888
>Region 26021380 26021920 540
>Region 26332511 26337389 4878
>Region 27676518 27677059 541
>Region 28120267 28120806 539
>Region 28415169 28416220 1051
>Region 29654326 30907564 1253238
>Region 33248859 33251466 2607
>Region 35040337 35040702 365
>Region 36443046 36444103 1057
>Region 36506298 36507117 819
>Region 37195421 37198432 3011
>Region 39711685 40031244 319559
>Region 40734790 40735437 647
>Region 40794169 40801243 7074
>Region 43466465 43468234 1769
>Region 43629841 43630492 651
>Region 43831677 43832371 694
>Region 44143176 44144370 1194
>Region 44377278 44377679 401
>Region 46138504 46139137 633
>Region 47091465 47375242 283777
>Region 48494509 48496356 1847
>Region 56173667 56174320 653
>Region 56660100 56660728 628
>Region 57015007 57015635 628
>Region 57221544 57224960 3416
>Region 58115596 58116242 646
>Region 58516279 58517497 1218
>Region 60842162 60842671 509
>Region 61855230 61856409 1179
>Region 62162970 62163648 678
>Region 62924206 62924868 662
>Region 63432996 63433587 591
>Region 63909144 63910898 1754
>Region 65454682 65455276 594
>Region 65682030 65682611 581
>Region 65908095 65908744 649
>Region 66036357 66036833 476
>Region 67224838 67225310 472
>Region 67780379 67781494 1115
>Region 69579398 69580013 615
>Region 69716095 69716735 640
>Region 70540536 70541094 558
>Region 70718569 70719175 606
>Region 71513704 71514353 649
>Region 72538714 72584512 45798
>Region 73525984 73526604 620
>Region 73541172 73541803 631
>Region 74756937 74757930 993
>Region 75784262 75784893 631
>Region 76872774 76873332 558
>Region 77604914 77606302 1388
>Region 79173891 79174510 619
>Region 79886560 79887200 640
>Region 81432738 81434042 1304
>Region 81460176 81460824 648
>Region 82735749 82736204 455
>Region 82815015 82815663 648
>Region 82898371 82900266 1895
>Region 84290295 84297346 7051
>Region 84484381 84488550 4169
>Region 85521004 85521665 661
>Region 86178168 86178813 645
>Region 86513420 86514380 960
>Region 89303258 89646184 342926
>Region 91397149 91397776 627
>Region 95462898 95463426 528
>Region 100892350 100895032 2682
>Region 101160928 101161559 631
>Region 102820045 102820724 679
>Region 102868444 102869111 667
>Region 103187141 103187729 588
>Region 103938438 104104872 166434
>Region 104244511 104245313 802
>Region 104671367 104673244 1877
>Region 105229637 105230272 635
>Region 105468964 105470055 1091
>Region 106883111 106883940 829
>Region 108534672 108538823 4151
>Region 109399133 109399681 548
>Region 110031599 110055883 24284
>Region 113306450 113306743 293
>Region 113412709 113415367 2658
>Region 114844853 114845411 558
>Region 115246420 115247038 618
>Region 117892358 117892869 511
>Region 118791110 118791934 824
>Region 119793870 119813460 19590
>Region 119814145 119815261 1116
>Region 119815471 119957884 142413
>Region 121053130 121185341 132211
>Region 121185467 121186925 1458
>Region 141477023 142385997 908974
>Region 142901609 143237596 335987
>Region 143328999 144941947 1612948
>Region 146176964 146183984 7020
>Region 146197701 146832047 634346
>Region 146948134 147429598 481464
>Region 147470742 147484943 14201
>Region 147525248 148008357 483109
>Region 148313436 148313960 524
>Region 148957869 148958523 654
>Region 150454617 150455077 460
>Region 150543360 150548013 4653
>Region 150548014 150550984 2970
>Region 150590608 150591010 402
>Region 151035758 151037411 1653
>Region 152347481 152351303 3822
>Region 153885235 153999922 114687
>Region 154793123 154795703 2580
>Region 155463799 155733874 270075
>Region 155769909 155871873 101964
>Region 156183033 156183625 592
>Region 156895793 156896456 663
>Region 157133944 157136642 2698
>Region 157278967 157284206 5239
>Region 158950613 158951081 468
>Region 158957569 158960067 2498
>Region 158960740 158961299 559
>Region 159201411 159202024 613
>Region 159221429 159221851 422
>Region 159748297 159911545 163248
>Region 159934647 160067032 132385
>Region 160319128 160319675 547
>Region 160497182 160498024 842
>Region 160723254 160723770 516
>Region 163997609 163998238 629
>Region 166290985 166292469 1484
>Region 166693557 166695509 1952
>Region 166782059 166809940 27881
>Region 169836400 169842502 6102
>Region 170952597 170953148 551
>Region 172211153 172211829 676
>Region 173467397 173468435 1038
>Region 174744646 174745505 859
>Region 178450317 178450843 526
>Region 178494850 178497175 2325
>Region 178559403 178560041 638
>Region 178775834 179309710 533876
>Region 181218430 181219013 583
>Region 183081151 183087499 6348
>Region 183203441 183204116 675
>Region 183639531 183640159 628
>Region 184033228 184033777 549
>Region 184050161 184052044 1883
>Region 186805902 186806965 1063
>Region 187261392 187262010 618
>Region 188319131 188320570 1439
>Region 190053232 190053799 567
>Region 191501851 191502395 544
>Region 193068987 193074689 5702
>Region 194997108 195124966 127858
>Region 195766907 195770011 3104
>Region 196160515 196160945 430
>Region 197705149 197706974 1825
>Region 199445312 199446862 1550
>Region 199492521 199492965 444
>Region 200440281 200441121 840
>Region 202154171 202156573 2402
>Region 205164213 205164630 417
>Region 205608376 205612357 3981
>Region 208001619 208002817 1198
>Region 208010534 208010739 205
>Region 208144504 208152702 8198
>Region 208361747 208362378 631
>Region 209638578 209640811 2233
>Region 210537539 210539376 1837
>Region 210766560 210769964 3404
>Region 215820516 215821088 572
>Region 215983912 215984540 628
>Region 216248942 216255274 6332
>Region 216852383 216852925 542
>Region 217989761 217990369 608
>Region 218351871 218352530 659
>Region 220100600 220101237 637
>Region 222268305 222270007 1702
>Region 222313509 222314333 824
>Region 222459224 222459872 648
>Region 222632826 222633201 375
>Region 223322943 223323521 578
>Region 223828664 223829311 647
>Region 224073268 224073677 409
>Region 226090525 226091146 621
>Region 226428339 226428941 602
>Region 226638572 226639228 656
>Region 226881293 226881858 565
>Region 227879000 227887558 8558
>Region 228103031 228103401 370
>Region 228199077 228200535 1458
>Region 229369500 229370106 606
>Region 229386355 229388696 2341
>Region 229634920 229641564 6644
>Region 230489565 230490176 611
>Region 230525004 230526981 1977
>Region 232449915 232450780 865
>Region 233321551 233322765 1214
>Region 234121027 234121632 605
>Region 234615499 234618005 2506
>Region 234985624 235511850 526226
>Region 236145267 236149969 4702
>Region 236918749 236919888 1139
>Region 238182625 238183436 811
>Region 238459414 238461501 2087
>Region 238683414 238684043 629
>Region 239216291 239216916 625
>Region 239426949 239427562 613
>Region 241194193 241195863 1670
>Region 242505616 242506046 430
>Region 243912259 243912646 387
>Region 244222313 244222943 630
>Region 244254208 244254625 417
>Region 244301600 244302283 683
>Region 244462778 244464142 1364
>Region 244505165 244505628 463
>Region 244505891 244506381 490
>Region 244751154 244751557 403
>Region 244835555 244869807 34252
>Region 244944211 244944703 492
>Region 245015360 245015771 411
>Region 245094261 245094955 694
>Region 245170234 245171309 1075
>Region 245252650 245253775 1125
>Region 245357659 245400321 42662
>Region 245657333 245657989 656
>Region 245663447 245663933 486
>Region 245916896 245923257 6361
>Region 246117901 246124447 6546
>Region 246233417 246233833 416
>Region 246274239 246274842 603
>Region 246320432 246557747 237315
>Region 246591388 246891014 299626
