>Region 1578585 1648452 69867
>Region 2042809 2045612 2803
>Region 2573482 2679637 106155
>Region 3264072 3266429 2357
>Region 7492520 7494252 1732
>Region 12665903 12669309 3406
>Region 12807862 13249599 441737
>Region 14309487 14311659 2172
>Region 15667457 15674434 6977
>Region 16235740 16257747 22007
>Region 16691404 17148301 456897
>Region 25031078 25034311 3233
>Region 25501636 25588817 87181
>Region 29654338 30620472 966134
>Region 37196580 37198521 1941
>Region 39712165 40031265 319100
>Region 43466527 43468289 1762
>Region 47097572 47377368 279796
>Region 48494604 48496358 1754
>Region 58516320 58517552 1232
>Region 61855310 61856405 1095
>Region 65813382 65816651 3269
>Region 67780393 67781607 1214
>Region 72538759 72584532 45773
>Region 81432824 81434079 1255
>Region 84290335 84297430 7095
>Region 84484401 84488634 4233
>Region 103938447 104104961 166514
>Region 104381918 104383932 2014
>Region 104671366 104673056 1690
>Region 105817249 105825027 7778
>Region 108534739 108538885 4146
>Region 119814228 119815270 1042
>Region 119874031 119940180 66149
>Region 121053252 121185446 132194
>Region 121185512 121187025 1513
>Region 141477026 142386091 909065
>Region 143385263 144063811 678548
>Region 144071382 144077975 6593
>Region 144085290 144092497 7207
>Region 146174324 146184090 9766
>Region 146197695 146832104 634409
>Region 147536625 147996405 459780
>Region 152347480 152351415 3935
>Region 154793149 154795772 2623
>Region 157227849 157232934 5085
>Region 157279448 157283416 3968
>Region 159759454 159874162 114708
>Region 164818072 164819289 1217
>Region 166291046 166292506 1460
>Region 173717584 173719269 1685
>Region 183081153 183087596 6443
>Region 184050182 184052040 1858
>Region 185860146 185863664 3518
>Region 193069097 193074683 5586
>Region 195003836 195072008 68172
>Region 195767022 195770074 3052
>Region 197705142 197707038 1896
>Region 199445575 199446827 1252
>Region 205608413 205612371 3958
>Region 205911342 205921438 10096
>Region 208144522 208152766 8244
>Region 210537560 210539460 1900
>Region 216248997 216255373 6376
>Region 227879027 227887629 8602
>Region 230525017 230527027 2010
>Region 234986183 234987297 1114
>Region 236918816 236919992 1176
>Region 238459513 238461498 1985
>Region 245916903 245923333 6430
>Region 246117945 246124456 6511
>Region 246363026 246511090 148064
>Region 246531219 246536931 5712
>Region 246662813 246889248 226435
